Average:     CPU    %usr   %nice    %sys %iowait    %irq   %soft  %steal  %guest  %gnice   %idle
Average:     all   32.64    0.00   23.44    0.30    0.00   28.58    0.00    0.00    0.00   15.04
Average:       0   33.90    0.00   17.86    0.36    0.00   38.03    0.00    0.00    0.00    9.84
Average:       1   56.61    0.00   21.32    0.00    0.00    0.00    0.00    0.00    0.00   22.07
Average:       2    2.10    0.00   24.10    0.00    0.00   73.80    0.00    0.00    0.00    0.00
Average:       3   40.28    0.00   29.91    0.87    0.00    0.00    0.00    0.00    0.00   28.93
Average:     CPU    %usr   %nice    %sys %iowait    %irq   %soft  %steal  %guest  %gnice   %idle
Average:     all   22.17    0.00   13.91    0.28    0.00   22.74    0.00    0.00    0.00   40.89
Average:       0    1.50    0.00   18.18    0.00    0.00   80.32    0.00    0.00    0.00    0.00
Average:       1   64.47    0.00   18.72    0.10    0.00    0.00    0.00    0.00    0.00   16.70
Average:       2   10.77    0.00    6.36    0.33    0.00    0.00    0.00    0.00    0.00   82.54
Average:       3    7.07    0.00    9.21    0.75    0.00    0.00    0.00    0.00    0.00   82.98
Average:     CPU    %usr   %nice    %sys %iowait    %irq   %soft  %steal  %guest  %gnice   %idle
Average:     all   21.23    0.00   15.83    0.22    0.00   24.46    0.00    0.00    0.00   38.26
Average:       0   14.07    0.00   18.72    0.00    0.00   64.47    0.00    0.00    0.00    2.73
Average:       1   15.71    0.00   13.93    0.68    0.00    0.00    0.00    0.00    0.00   69.67
Average:       2   38.94    0.00   19.42    0.00    0.00   23.32    0.00    0.00    0.00   18.32
Average:       3   13.37    0.00    9.79    0.36    0.00    0.00    0.00    0.00    0.00   76.49
Average:     CPU    %usr   %nice    %sys %iowait    %irq   %soft  %steal  %guest  %gnice   %idle
Average:     all    3.07    0.00    5.28    0.27    0.00    3.18    0.00    0.00    0.00   88.21
Average:       0    3.06    0.00    5.85    0.00    0.00   15.03    0.00    0.00    0.00   76.06
Average:       1    3.53    0.00    3.83    0.40    0.00    0.00    0.00    0.00    0.00   92.23
Average:       2    3.43    0.00    4.85    0.10    0.00    0.10    0.00    0.00    0.00   91.52
Average:       3    2.24    0.00    6.72    0.51    0.00    0.41    0.00    0.00    0.00   90.12
Average:     CPU    %usr   %nice    %sys %iowait    %irq   %soft  %steal  %guest  %gnice   %idle
Average:     all   33.34    0.00   24.55    0.14    0.00   28.34    0.00    0.00    0.00   13.63
Average:       0   32.94    0.00   19.72    0.00    0.00   36.72    0.00    0.00    0.00   10.63
Average:       1   31.66    0.00   28.13    0.34    0.00    0.00    0.00    0.00    0.00   39.86
Average:       2   67.52    0.00   25.80    0.10    0.00    0.00    0.00    0.00    0.00    6.58
Average:       3    1.90    0.00   24.30    0.10    0.00   73.70    0.00    0.00    0.00    0.00
Average:     CPU    %usr   %nice    %sys %iowait    %irq   %soft  %steal  %guest  %gnice   %idle
Average:     all   27.27    0.00   22.16    4.18    0.00   31.68    0.00    0.00    0.00   14.71
Average:       0   42.08    0.00   16.14    3.37    0.00   38.41    0.00    0.00    0.00    0.00
Average:       1    1.80    0.00   23.68    0.00    0.00   74.53    0.00    0.00    0.00    0.00
Average:       2   34.65    0.00   24.46    2.29    0.00    0.00    0.00    0.00    0.00   38.60
Average:       3   33.98    0.00   25.48   12.48    0.00    0.00    0.00    0.00    0.00   28.06
Average:     CPU    %usr   %nice    %sys %iowait    %irq   %soft  %steal  %guest  %gnice   %idle
Average:     all   31.74    0.00   24.24    0.82    0.00   28.58    0.00    0.00    0.00   14.62
Average:       0   36.17    0.00   17.15    0.12    0.00   38.16    0.00    0.00    0.00    8.40
Average:       1   13.02    0.00   23.76    0.10    0.00   52.69    0.00    0.00    0.00   10.43
Average:       2   32.24    0.00   28.85    0.82    0.00   20.43    0.00    0.00    0.00   17.66
Average:       3   46.11    0.00   26.38    2.18    0.00    4.05    0.00    0.00    0.00   21.29
Average:     CPU    %usr   %nice    %sys %iowait    %irq   %soft  %steal  %guest  %gnice   %idle
Average:     all    3.13    0.00    4.65    1.25    0.00    2.83    0.00    0.00    0.00   88.15
Average:       0    3.43    0.00    3.02    0.14    0.00   13.74    0.00    0.00    0.00   79.67
Average:       1    3.29    0.00    2.05    0.92    0.00    0.00    0.00    0.00    0.00   93.74
Average:       2    2.75    0.00    4.79    2.75    0.00    0.10    0.00    0.00    0.00   89.61
Average:       3    3.12    0.00    8.25    0.91    0.00    0.30    0.00    0.00    0.00   87.42
Average:     CPU    %usr   %nice    %sys %iowait    %irq   %soft  %steal  %guest  %gnice   %idle
Average:     all   32.73    0.00   24.13    0.99    0.00   28.53    0.00    0.00    0.00   13.62
Average:       0   41.27    0.00   17.91    0.00    0.00   36.60    0.00    0.00    0.00    4.23
Average:       1   55.22    0.00   26.76    0.85    0.00    0.00    0.00    0.00    0.00   17.16
Average:       2   35.61    0.00   26.54    3.25    0.00    0.00    0.00    0.00    0.00   34.60
Average:       3    1.40    0.00   25.10    0.00    0.00   73.50    0.00    0.00    0.00    0.00
Average:     CPU    %usr   %nice    %sys %iowait    %irq   %soft  %steal  %guest  %gnice   %idle
Average:     all   23.05    0.00   16.75   21.81    0.00   24.88    0.00    0.00    0.00   13.52
Average:       0   13.97    0.00   19.92    0.00    0.00   63.50    0.00    0.00    0.00    2.61
Average:       1   18.37    0.00   12.08   27.00    0.00   14.18    0.00    0.00    0.00   28.36
Average:       2    9.00    0.00   12.98   39.98    0.00   20.05    0.00    0.00    0.00   18.00
Average:       3   48.66    0.00   20.93   22.58    0.00    0.00    0.00    0.00    0.00    7.84
