Average:     CPU    %usr   %nice    %sys %iowait    %irq   %soft  %steal  %guest  %gnice   %idle
Average:     all    1.93    0.00    6.98    0.17    0.00    1.41    0.00    0.00    0.00   89.51
Average:       0    1.28    0.00    6.86    0.00    0.00    7.18    0.00    0.00    0.00   84.69
Average:       1    1.80    0.00    4.51    0.10    0.00    0.10    0.00    0.00    0.00   93.49
Average:       2    2.80    0.00   12.81    0.00    0.00    0.40    0.00    0.00    0.00   83.98
Average:       3    1.60    0.00    3.70    0.50    0.00    0.10    0.00    0.00    0.00   94.10
Average:     CPU    %usr   %nice    %sys %iowait    %irq   %soft  %steal  %guest  %gnice   %idle
Average:     all    2.02    0.00    6.85    0.11    0.00    1.38    0.00    0.00    0.00   89.65
Average:       0    1.59    0.00    5.41    0.32    0.00    7.17    0.00    0.00    0.00   85.51
Average:       1    1.91    0.00    4.61    0.00    0.00    0.10    0.00    0.00    0.00   93.38
Average:       2    2.71    0.00   12.24    0.00    0.00    0.30    0.00    0.00    0.00   84.75
Average:       3    1.70    0.00    4.60    0.20    0.00    0.10    0.00    0.00    0.00   93.40
Average:     CPU    %usr   %nice    %sys %iowait    %irq   %soft  %steal  %guest  %gnice   %idle
Average:     all    1.70    0.00   11.41    0.14    0.00   17.86    0.00    0.00    0.00   68.89
Average:       0    1.03    0.00    1.20    0.51    0.00    6.16    0.00    0.00    0.00   91.10
Average:       1    3.00    0.00   36.66    0.00    0.00   60.34    0.00    0.00    0.00    0.00
Average:       2    1.30    0.00    1.40    0.20    0.00    0.00    0.00    0.00    0.00   97.10
Average:       3    1.20    0.00    2.10    0.00    0.00    0.00    0.00    0.00    0.00   96.70
Average:     CPU    %usr   %nice    %sys %iowait    %irq   %soft  %steal  %guest  %gnice   %idle
Average:     all    1.38    0.00    8.08    0.03    0.00   17.19    0.00    0.00    0.00   73.33
Average:       0    2.70    0.00   28.67    0.00    0.00   68.63    0.00    0.00    0.00    0.00
Average:       1    0.80    0.00    0.70    0.10    0.00    0.00    0.00    0.00    0.00   98.40
Average:       2    1.10    0.00    1.10    0.00    0.00    0.00    0.00    0.00    0.00   97.80
Average:       3    0.90    0.00    1.81    0.00    0.00    0.00    0.00    0.00    0.00   97.29
Average:     CPU    %usr   %nice    %sys %iowait    %irq   %soft  %steal  %guest  %gnice   %idle
Average:     all    1.86    0.00    8.44    0.22    0.00    6.94    0.00    0.00    0.00   82.53
Average:       0    0.99    0.00    2.31    0.16    0.00    5.44    0.00    0.00    0.00   91.10
Average:       1    3.61    0.00   22.17    0.10    0.00   16.85    0.00    0.00    0.00   57.27
Average:       2    1.71    0.00    5.92    0.20    0.00    4.92    0.00    0.00    0.00   87.25
Average:       3    0.80    0.00    1.00    0.40    0.00    0.00    0.00    0.00    0.00   97.80
Average:     CPU    %usr   %nice    %sys %iowait    %irq   %soft  %steal  %guest  %gnice   %idle
Average:     all    1.40    0.00    7.96    0.00    0.00   17.30    0.00    0.00    0.00   73.34
Average:       0    2.70    0.00   28.13    0.00    0.00   69.17    0.00    0.00    0.00    0.00
Average:       1    0.90    0.00    1.91    0.00    0.00    0.00    0.00    0.00    0.00   97.19
Average:       2    1.30    0.00    1.10    0.00    0.00    0.00    0.00    0.00    0.00   97.60
Average:       3    0.70    0.00    0.70    0.00    0.00    0.00    0.00    0.00    0.00   98.60
Average:     CPU    %usr   %nice    %sys %iowait    %irq   %soft  %steal  %guest  %gnice   %idle
Average:     all    1.83    0.00    8.61    0.00    0.00    7.61    0.00    0.00    0.00   81.94
Average:       0    1.16    0.00    3.47    0.00    0.00    6.27    0.00    0.00    0.00   89.11
Average:       1    2.20    0.00   17.84    0.00    0.00   21.04    0.00    0.00    0.00   58.92
Average:       2    2.80    0.00    9.71    0.00    0.00    2.60    0.00    0.00    0.00   84.88
Average:       3    0.90    0.00    1.40    0.00    0.00    0.00    0.00    0.00    0.00   97.69
Average:     CPU    %usr   %nice    %sys %iowait    %irq   %soft  %steal  %guest  %gnice   %idle
Average:     all    1.53    0.00   11.30    0.14    0.00   17.86    0.00    0.00    0.00   69.17
Average:       0    0.84    0.00    1.35    0.68    0.00    6.59    0.00    0.00    0.00   90.54
Average:       1    3.10    0.00   36.74    0.00    0.00   60.16    0.00    0.00    0.00    0.00
Average:       2    1.10    0.00    0.90    0.00    0.00    0.00    0.00    0.00    0.00   97.99
Average:       3    0.80    0.00    2.11    0.10    0.00    0.00    0.00    0.00    0.00   96.99
Average:     CPU    %usr   %nice    %sys %iowait    %irq   %soft  %steal  %guest  %gnice   %idle
Average:     all    1.91    0.00    8.87    0.03    0.00    8.29    0.00    0.00    0.00   80.89
Average:       0    1.15    0.00    3.11    0.00    0.00    7.04    0.00    0.00    0.00   88.71
Average:       1    1.20    0.00    1.30    0.00    0.00    0.00    0.00    0.00    0.00   97.50
Average:       2    0.90    0.00    1.30    0.00    0.00    0.00    0.00    0.00    0.00   97.80
Average:       3    4.11    0.00   27.56    0.10    0.00   25.65    0.00    0.00    0.00   42.59
Average:     CPU    %usr   %nice    %sys %iowait    %irq   %soft  %steal  %guest  %gnice   %idle
Average:     all    1.83    0.00    8.38    0.22    0.00    6.71    0.00    0.00    0.00   82.86
Average:       0    1.47    0.00    3.93    0.00    0.00    7.04    0.00    0.00    0.00   87.56
Average:       1    2.61    0.00   17.74    0.00    0.00   19.74    0.00    0.00    0.00   59.92
Average:       2    1.20    0.00    1.71    0.80    0.00    0.00    0.00    0.00    0.00   96.29
Average:       3    1.90    0.00    8.41    0.00    0.00    0.20    0.00    0.00    0.00   89.49
